start object
location -0.010383054614067078 0.003944389522075653 -0.035201698541641235
scale 0.299999862909317 0.299999862909317 0.25
rotation 0.0 0.0 0.0 1.0
start vertex
1.000000238418579 1.0 -1.0 0.5773491859436035 0.5773491859436035 -0.5773491859436035
1.000000238418579 -1.0 -1.0 0.5773491859436035 -0.5773491859436035 -0.5773491859436035
-0.9999997615814209 -1.0 -1.0 -0.5773491859436035 -0.5773491859436035 -0.5773491859436035
-0.9999992847442627 1.0000004768371582 -1.0 -0.5773491859436035 0.5773491859436035 -0.5773491859436035
1.0000007152557373 0.9999995231628418 1.0 0.5773491859436035 0.5773491859436035 0.5773491859436035
0.9999995231628418 -1.0000004768371582 1.0 0.5773491859436035 -0.5773491859436035 0.5773491859436035
-1.000000238418579 -0.9999995231628418 1.0 -0.5773491859436035 -0.5773491859436035 0.5773491859436035
-0.9999997615814209 1.0 1.0 -0.5773491859436035 0.5773491859436035 0.5773491859436035
end vertex
start polygon
0 1 2 3
4 7 6 5
0 4 5 1
1 5 6 2
2 6 7 3
4 0 3 7
end polygon
start group
Orange
TestGroup
end group
name Hip
type MESH
end object
start object
location 0.3039684295654297 0.021587088704109192 -0.06875752657651901
scale 0.19999991357326508 0.24999988079071045 0.8500001430511475
rotation 0.0 0.0 0.0 1.0
start vertex
1.92212975025177 0.8827399015426636 -1.681849479675293 0.5773491859436035 0.5773491859436035 -0.5773491859436035
1.92212975025177 -1.1172600984573364 -1.681849479675293 0.5773491859436035 -0.5773491859436035 -0.5773491859436035
-0.07787036895751953 -1.1172600984573364 -1.681849479675293 -0.5773491859436035 -0.5773491859436035 -0.5773491859436035
-0.07786989212036133 0.8827403783798218 -1.681849479675293 -0.5773491859436035 0.5773491859436035 -0.5773491859436035
1.9221302270889282 0.8827394247055054 0.3181505799293518 0.5773491859436035 0.5773491859436035 0.5773491859436035
1.9221290349960327 -1.1172605752944946 0.3181505799293518 0.5773491859436035 -0.5773491859436035 0.5773491859436035
-0.07787084579467773 -1.1172596216201782 0.3181505799293518 -0.5773491859436035 -0.5773491859436035 0.5773491859436035
-0.07787036895751953 0.8827399015426636 0.3181505799293518 -0.5773491859436035 0.5773491859436035 0.5773491859436035
end vertex
parent Hip
start polygon
0 1 2 3
4 7 6 5
0 4 5 1
1 5 6 2
2 6 7 3
4 0 3 7
end polygon
start group
Orange
TestGroup
end group
name LeftLeg
type MESH
end object
start object
location 0.26848337054252625 -0.11327194422483444 -1.174027442932129
scale 0.599999725818634 0.24999988079071045 1.0
rotation 0.0 0.0 0.0 1.0
start vertex
0.9607722759246826 0.8827399015426636 0.09582841396331787 0.5773491859436035 0.5773491859436035 -0.5773491859436035
0.9607722759246826 -1.1172600984573364 0.09582841396331787 0.5773491859436035 -0.5773491859436035 -0.5773491859436035
-1.0392277240753174 -1.1172600984573364 0.09582841396331787 -0.5773491859436035 -0.5773491859436035 -0.5773491859436035
-1.0392272472381592 0.8827403783798218 0.09582841396331787 -0.5773491859436035 0.5773491859436035 -0.5773491859436035
0.9607727527618408 0.8827394247055054 2.0958285331726074 0.5773491859436035 0.5773491859436035 0.5773491859436035
0.9607715606689453 -1.1172605752944946 2.0958285331726074 0.5773491859436035 -0.5773491859436035 0.5773491859436035
-1.0392282009124756 -1.1172596216201782 2.0958285331726074 -0.5773491859436035 -0.5773491859436035 0.5773491859436035
-1.0392277240753174 0.8827399015426636 2.0958285331726074 -0.5773491859436035 0.5773491859436035 0.5773491859436035
end vertex
parent Hip
start polygon
0 1 2 3
4 7 6 5
0 4 5 1
1 5 6 2
2 6 7 3
4 0 3 7
end polygon
start group
Orange
TestGroup
end group
name Body
type MESH
end object
start object
location 0.85357666015625 -0.09753134846687317 0.6201155185699463
scale 0.19999991357326508 0.24999988079071045 0.8500001430511475
rotation 0.0 0.0 0.0 1.0
start vertex
2.019780158996582 0.8469277620315552 -1.6810667514801025 0.5773491859436035 0.5773491859436035 -0.5773491859436035
2.019780158996582 -1.1530721187591553 -1.6810667514801025 0.5773491859436035 -0.5773491859436035 -0.5773491859436035
0.01978015899658203 -1.1530721187591553 -1.6810667514801025 -0.5773491859436035 -0.5773491859436035 -0.5773491859436035
0.019780635833740234 0.8469282388687134 -1.6810667514801025 -0.5773491859436035 0.5773491859436035 -0.5773491859436035
2.0197806358337402 0.846927285194397 0.31893330812454224 0.5773491859436035 0.5773491859436035 0.5773491859436035
2.019779682159424 -1.1530725955963135 0.31893330812454224 0.5773491859436035 -0.5773491859436035 0.5773491859436035
0.019779682159423828 -1.153071641921997 0.31893330812454224 -0.5773491859436035 -0.5773491859436035 0.5773491859436035
0.01978015899658203 0.8469277620315552 0.31893330812454224 -0.5773491859436035 0.5773491859436035 0.5773491859436035
end vertex
parent Body
start polygon
0 1 2 3
4 7 6 5
0 4 5 1
1 5 6 2
2 6 7 3
4 0 3 7
end polygon
start group
Orange
TestGroup
end group
name LeftArm
type MESH
end object
start object
location -0.37489989399909973 -0.12591248750686646 0.6459757685661316
scale 0.19999991357326508 0.24999988079071045 0.8500001430511475
rotation 0.0 0.0 0.0 1.0
start vertex
0.05675041675567627 0.933302104473114 -1.7053825855255127 0.5773491859436035 0.5773491859436035 -0.5773491859436035
0.05675041675567627 -1.0666978359222412 -1.7053825855255127 0.5773491859436035 -0.5773491859436035 -0.5773491859436035
-1.9432497024536133 -1.0666978359222412 -1.7053825855255127 -0.5773491859436035 -0.5773491859436035 -0.5773491859436035
-1.943249225616455 0.9333025813102722 -1.7053825855255127 -0.5773491859436035 0.5773491859436035 -0.5773491859436035
0.05675089359283447 0.9333016276359558 0.2946174740791321 0.5773491859436035 0.5773491859436035 0.5773491859436035
0.056749701499938965 -1.0666983127593994 0.2946174740791321 0.5773491859436035 -0.5773491859436035 0.5773491859436035
-1.9432501792907715 -1.066697359085083 0.2946174740791321 -0.5773491859436035 -0.5773491859436035 0.5773491859436035
-1.9432497024536133 0.933302104473114 0.2946174740791321 -0.5773491859436035 0.5773491859436035 0.5773491859436035
end vertex
parent Body
start polygon
0 1 2 3
4 7 6 5
0 4 5 1
1 5 6 2
2 6 7 3
4 0 3 7
end polygon
start group
Orange
TestGroup
end group
name RightArm
type MESH
end object
start object
location 0.26848340034484863 -0.11327196657657623 0.9259727001190186
scale 0.3499999940395355 0.3499999940395355 0.3499999940395355
rotation 0.0 0.0 0.0 1.0
start vertex
-1.1647439002990723 -1.1003479957580566 -0.029810190200805664 -0.5773491859436035 -0.5773491859436035 -0.5773491859436035
-1.1647439002990723 0.8996519446372986 -0.029810190200805664 -0.5773491859436035 0.5773491859436035 -0.5773491859436035
0.835256040096283 0.8996519446372986 -0.029810190200805664 0.5773491859436035 0.5773491859436035 -0.5773491859436035
0.835256040096283 -1.1003479957580566 -0.029810190200805664 0.5773491859436035 -0.5773491859436035 -0.5773491859436035
-1.1647439002990723 -1.1003479957580566 1.9701898097991943 -0.5773491859436035 -0.5773491859436035 0.5773491859436035
-1.1647439002990723 0.8996519446372986 1.9701898097991943 -0.5773491859436035 0.5773491859436035 0.5773491859436035
0.835256040096283 0.8996519446372986 1.9701898097991943 0.5773491859436035 0.5773491859436035 0.5773491859436035
0.835256040096283 -1.1003479957580566 1.9701898097991943 0.5773491859436035 -0.5773491859436035 0.5773491859436035
end vertex
parent Body
start polygon
4 5 1 0
5 6 2 1
6 7 3 2
7 4 0 3
0 1 2 3
7 6 5 4
end polygon
start group
end group
name Head
type MESH
end object
start object
location 0.3132948577404022 -0.11417478322982788 2.5622153282165527
scale -0.15000000596046448 0.05000000074505806 0.15000000596046448
rotation 0.0 0.0 0.0 1.0
start vertex
-2.000000238418579 -1.0 -0.9999983310699463 -0.5773491859436035 -0.5773491859436035 -0.5773491859436035
-2.000000238418579 0.9999999403953552 -0.9999983310699463 -0.5773491859436035 0.5773491859436035 -0.5773491859436035
-2.980232238769531e-07 0.9999999403953552 -0.9999983310699463 0.5773491859436035 0.5773491859436035 -0.5773491859436035
-2.980232238769531e-07 -1.0 -0.9999983310699463 0.5773491859436035 -0.5773491859436035 -0.5773491859436035
-2.000000238418579 -1.0 1.0000016689300537 -0.5773491859436035 -0.5773491859436035 0.5773491859436035
-2.000000238418579 0.9999999403953552 1.0000016689300537 -0.5773491859436035 0.5773491859436035 0.5773491859436035
-2.980232238769531e-07 0.9999999403953552 1.0000016689300537 0.5773491859436035 0.5773491859436035 0.5773491859436035
-2.980232238769531e-07 -1.0 1.0000016689300537 0.5773491859436035 -0.5773491859436035 0.5773491859436035
end vertex
parent Head
start polygon
4 5 1 0
5 6 2 1
6 7 3 2
7 4 0 3
0 1 2 3
7 6 5 4
end polygon
start group
end group
name RightEar.001
type MESH
end object
start object
location -0.3929019272327423 -0.11828936636447906 2.583460807800293
scale 0.15000000596046448 0.05000000074505806 0.15000000596046448
rotation 0.0 0.0 0.0 1.0
start vertex
-2.000000238418579 -1.0 -0.9999983310699463 -0.5773491859436035 -0.5773491859436035 -0.5773491859436035
-2.000000238418579 0.9999999403953552 -0.9999983310699463 -0.5773491859436035 0.5773491859436035 -0.5773491859436035
-2.980232238769531e-07 0.9999999403953552 -0.9999983310699463 0.5773491859436035 0.5773491859436035 -0.5773491859436035
-2.980232238769531e-07 -1.0 -0.9999983310699463 0.5773491859436035 -0.5773491859436035 -0.5773491859436035
-2.000000238418579 -1.0 1.0000016689300537 -0.5773491859436035 -0.5773491859436035 0.5773491859436035
-2.000000238418579 0.9999999403953552 1.0000016689300537 -0.5773491859436035 0.5773491859436035 0.5773491859436035
-2.980232238769531e-07 0.9999999403953552 1.0000016689300537 0.5773491859436035 0.5773491859436035 0.5773491859436035
-2.980232238769531e-07 -1.0 1.0000016689300537 0.5773491859436035 -0.5773491859436035 0.5773491859436035
end vertex
parent Head
start polygon
4 5 1 0
5 6 2 1
6 7 3 2
7 4 0 3
0 1 2 3
7 6 5 4
end polygon
start group
end group
name RightEar
type MESH
end object
start object
location -0.3254128396511078 0.03168173134326935 -0.06875752657651901
scale -0.19999991357326508 0.24999988079071045 0.8500001430511475
rotation 0.0 0.0 0.0 1.0
start vertex
1.92212975025177 0.8827399015426636 -1.681849479675293 0.5773491859436035 0.5773491859436035 -0.5773491859436035
1.92212975025177 -1.1172600984573364 -1.681849479675293 0.5773491859436035 -0.5773491859436035 -0.5773491859436035
-0.07787036895751953 -1.1172600984573364 -1.681849479675293 -0.5773491859436035 -0.5773491859436035 -0.5773491859436035
-0.07786989212036133 0.8827403783798218 -1.681849479675293 -0.5773491859436035 0.5773491859436035 -0.5773491859436035
1.9221302270889282 0.8827394247055054 0.3181505799293518 0.5773491859436035 0.5773491859436035 0.5773491859436035
1.9221290349960327 -1.1172605752944946 0.3181505799293518 0.5773491859436035 -0.5773491859436035 0.5773491859436035
-0.07787084579467773 -1.1172596216201782 0.3181505799293518 -0.5773491859436035 -0.5773491859436035 0.5773491859436035
-0.07787036895751953 0.8827399015426636 0.3181505799293518 -0.5773491859436035 0.5773491859436035 0.5773491859436035
end vertex
parent Hip
start polygon
0 1 2 3
4 7 6 5
0 4 5 1
1 5 6 2
2 6 7 3
4 0 3 7
end polygon
start group
Orange
TestGroup
end group
name RightLeg
type MESH
end object
start object
location 4.076245307922363 1.0054539442062378 5.903861999511719
scale 1.0 1.0 1.0
rotation 0.16907575726509094 0.27217137813568115 0.7558803558349609 0.570947527885437
start group
end group
name Lamp
type LAMP
end object
start object
location 7.481131553649902 -6.5076398849487305 5.34366512298584
scale 1.0 1.0 1.0
rotation 0.48170700669288635 0.21292176842689514 0.3342514932155609 0.7816000580787659
start group
end group
name Camera
type CAMERA
end object
